Time= 2219233.8646022, 2219233.864661529, 5.932897329330444e-05
Time= 2219234.140911273, 2219236.254732539, 2.113821265753359
Time= 2219239.869791824, 2219273.849878005, 33.9800861813128
Time= 2219305.48692921, 2219582.236391624, 276.7494624140672
/tmp/slurmd/job4952124/slurm_script: line 13: 20991 Killed                  ./scan 1000000000
